1707939158668 0 49
1707939172751 0 99
1707939186612 0 149
1707939203734 1 199
1707939219076 1 249
1707939234997 1 299
1707939249487 1 349
1707939267445 2 399
1707939282305 2 449
1707939296469 2 499
1707939311132 2 549
1707939329186 3 599
1707939344730 3 649
1707939358922 3 699
1707939372258 3 749
1707939389080 4 799
1707939403212 4 849
1707939415244 4 899
1707939427326 4 949
1707939443818 5 999
1707939457799 5 1049
1707939473630 5 1099
1707939484585 5 1149
1707939499069 6 1199
1707939511037 6 1249
1707939525342 6 1299
1707939535550 6 1349
1707939551313 7 1399
1707939567147 7 1449
1707939581374 7 1499
1707939596192 7 1549
1707939612776 8 1599
1707939624291 8 1649
1707939635603 8 1699
1707939647458 8 1749
1707939664768 9 1799
1707939676831 9 1849
1707939689070 9 1899
1707939697972 9 1949
