1707939158668 5.765913486480713 49
1707939172751 5.651838302612305 99
1707939186612 5.609172344207764 149
1707939203734 5.609780788421631 199
1707939219076 5.549234390258789 249
1707939234997 5.549732685089111 299
1707939249487 5.44575309753418 349
1707939267445 5.480834007263184 399
1707939282305 5.462362289428711 449
1707939296469 5.342916965484619 499
1707939311132 5.31960391998291 549
1707939329186 5.315881729125977 599
1707939344730 5.272387981414795 649
1707939358922 5.317739486694336 699
1707939372258 5.313639163970947 749
1707939389080 5.319286346435547 799
1707939403212 5.326010227203369 849
1707939415244 5.202972412109375 899
1707939427326 5.236544132232666 949
1707939443818 5.185393333435059 999
1707939457799 5.202276706695557 1049
1707939473630 5.165279865264893 1099
1707939484585 5.150084018707275 1149
1707939499069 5.168551445007324 1199
1707939511037 5.126821994781494 1249
1707939525342 5.154554843902588 1299
1707939535550 5.101017475128174 1349
1707939551313 5.093006134033203 1399
1707939567147 5.13006591796875 1449
1707939581374 5.129691123962402 1499
1707939596192 5.116149425506592 1549
1707939612776 5.130970478057861 1599
1707939624291 5.1108574867248535 1649
1707939635603 5.167116165161133 1699
1707939647458 5.10855770111084 1749
1707939664768 5.141168117523193 1799
1707939676831 5.050478935241699 1849
1707939689070 5.149019241333008 1899
1707939697972 5.111859321594238 1949
